000
010
020
030
001000
001001
001010
001011
001020
001021
001100
001101
001110
001111
001120
001121
001200
001201
001210
001211
001220
001221
001300
001301
001310
001311
001320
001321
001400
001401
001410
001411
001420
001421
001500
001501
001510
001511
001520
001521
011000
011001
011010
011011
011020
011021
011100
011101
011110
011111
011120
011121
011200
011201
011210
011211
011220
011221
011300
011301
011310
011311
011320
011321
011400
011401
011410
011411
011420
011421
011500
011501
011510
011511
011520
011521
021000
021001
021010
021011
021020
021021
021100
021101
021110
021111
021120
021121
021200
021201
021210
021211
021220
021221
021300
021301
021310
021311
021320
021321
021400
021401
021410
021411
021420
021421
021500
021501
021510
021511
021520
021521
031000
031001
031010
031011
031020
031021
031100
031101
031110
031111
031120
031121
031200
031201
031210
031211
031220
031221
031300
031301
031310
031311
031320
031321
031400
031401
031410
031411
031420
031421
031500
031501
031510
031511
031520
031521
1
2