1
0.966
0.938
0.864
0.979
0.979
0.776347
0.776347
0.776347
0.776347
0.979
0.979
0.776347
0.776347
0.776347
0.776347
0.979
0.979
0.776347
0.776347
0.776347
0.776347
0.979
0.979
0.776347
0.776347
0.776347
0.776347
0.979
0.979
0.776347
0.776347
0.776347
0.776347
0.979
0.979
0.776347
0.776347
0.776347
0.776347
0.945714
0.945714
0.749951202
0.749951202
0.749951202
0.749951202
0.945714
0.945714
0.749951202
0.749951202
0.749951202
0.749951202
0.945714
0.945714
0.749951202
0.749951202
0.749951202
0.749951202
0.945714
0.945714
0.749951202
0.749951202
0.749951202
0.749951202
0.945714
0.945714
0.749951202
0.749951202
0.749951202
0.749951202
0.945714
0.945714
0.749951202
0.749951202
0.749951202
0.749951202
0.918302
0.918302
0.728213486
0.728213486
0.728213486
0.728213486
0.918302
0.918302
0.728213486
0.728213486
0.728213486
0.728213486
0.918302
0.918302
0.728213486
0.728213486
0.728213486
0.728213486
0.918302
0.918302
0.728213486
0.728213486
0.728213486
0.728213486
0.918302
0.918302
0.728213486
0.728213486
0.728213486
0.728213486
0.918302
0.918302
0.728213486
0.728213486
0.728213486
0.728213486
0.845856
0.845856
0.670763808
0.670763808
0.670763808
0.670763808
0.845856
0.845856
0.670763808
0.670763808
0.670763808
0.670763808
0.845856
0.845856
0.670763808
0.670763808
0.670763808
0.670763808
0.845856
0.845856
0.670763808
0.670763808
0.670763808
0.670763808
0.845856
0.845856
0.670763808
0.670763808
0.670763808
0.670763808
0.845856
0.845856
0.670763808
0.670763808
0.670763808
0.670763808